-72234.3
-70735.7
-70640.6
-70550.9
-70479
-70346.9
-70207.5
-70091.9
-69966.1
-69872.1
-69821.8
-69732.8
-69620.1
-69557.2
-69454.1
-69356.6
-69194.7
-69088.3
-68971.5
-68903.9
-68816
-68738.3
-68633.6
-68498.5
-68404.4
-68281.5
-68194.9
-68091
-67988.4
-67840.1
-67733.7
-67590.7
-67462.2
-67325.4
-67222.8
-67138.6
-67066
-66922.9
-66814.8
-66653.3
-66545.2
-66445.5
-66379.2
-66289.3
-66205
-66126.4
-66037
-65918.2
-65784.5
-65699.8
-65595.1
-65449.4
-65378.9
-65288.5
-65181.2
-65107.4
-64989.8
-64883.9
-64787.4
-64659.9
-64538.5
-64449.1
-64345.5
-64262.4
-64156.7
-64030.5
-63925.7
-63837.8
-63680.2
-63573.9
-63485.2
-63407.1
-63273.6
-63157.5
-63042.1
-62945.5
-62783.1
-62670.6
-62546.3
-62508.7
-62432.9
-62276.9
-62144.3
-61975.9
-61829.6
-61717.5
-61578.1
-61434.2
-61332.2
-61246.5
-61149.6
-61031.4
-60940.9
-60842.7
-60773.5
-60665.7
-60528.3
-60419.3
-60322.1
-60247.6
-60084.4
-59938.2
-59801.1
-59717.2
-59600.3
-59506.4
-59402.7
-59256.1
-59132.7
-59037.8
-58956.7
